0 1
1 2
2 3
3 4
4 5
5 6
6 7
7 8
8 9
0 9
0 10
2 10
5 10
6 10
9 10
0 11
4 11
5 11
8 11
10 11
0 12
1 12
2 12
3 12
4 12
0 13
2 13
5 13
7 13
8 13
2 14
5 14
7 14
8 14
12 14
5 15
6 15
9 15
12 15
13 15
0 16
9 16
10 16
12 16
14 16
1 17
2 17
11 17
12 17
13 17
5 18
6 18
10 18
11 18
14 18
4 19
9 19
12 19
13 19
16 19
0 20
3 20
5 20
13 20
14 20
9 21
10 21
12 21
17 21
19 21
1 22
3 22
6 22
10 22
18 22
2 23
3 23
5 23
8 23
11 23
5 24
7 24
10 24
17 24
19 24
0 25
1 25
13 25
19 25
20 25
0 26
2 26
10 26
16 26
21 26
3 27
12 27
13 27
18 27
24 27
0 28
4 28
5 28
11 28
22 28
0 29
2 29
7 29
13 29
18 29
8 30
11 30
14 30
16 30
22 30
3 31
14 31
18 31
22 31
29 31
0 32
2 32
8 32
18 32
22 32
8 33
9 33
26 33
27 33
32 33
1 34
15 34
16 34
24 34
26 34
2 35
19 35
22 35
32 35
33 35
12 36
18 36
19 36
22 36
24 36
7 37
14 37
21 37
24 37
28 37
2 38
14 38
17 38
30 38
32 38
0 39
11 39
25 39
34 39
35 39
14 40
18 40
24 40
26 40
27 40
6 41
10 41
12 41
32 41
37 41
25 42
28 42
33 42
37 42
38 42
6 43
9 43
12 43
26 43
28 43
7 44
9 44
14 44
37 44
42 44
2 45
8 45
13 45
16 45
35 45
6 46
10 46
20 46
34 46
42 46
10 47
13 47
27 47
32 47
35 47
0 48
10 48
11 48
27 48
37 48
3 49
13 49
25 49
32 49
46 49
3 50
9 50
10 50
32 50
42 50
2 51
13 51
16 51
20 51
24 51
10 52
12 52
18 52
19 52
50 52
11 53
16 53
18 53
19 53
35 53
2 54
5 54
13 54
19 54
39 54
10 55
13 55
35 55
36 55
44 55
2 56
9 56
14 56
44 56
50 56
13 57
19 57
20 57
47 57
49 57
11 58
27 58
32 58
49 58
53 58
4 59
10 59
14 59
21 59
35 59
2 60
5 60
19 60
20 60
33 60
3 61
16 61
17 61
18 61
49 61
5 62
8 62
14 62
28 62
35 62
14 63
26 63
30 63
32 63
40 63
0 64
3 64
13 64
17 64
25 64
5 65
13 65
21 65
27 65
30 65
0 66
11 66
31 66
44 66
61 66
1 67
2 67
6 67
19 67
42 67
7 68
15 68
17 68
19 68
44 68
21 69
28 69
33 69
42 69
58 69
6 70
7 70
13 70
25 70
28 70
18 71
24 71
39 71
49 71
51 71
2 72
13 72
14 72
36 72
42 72
11 73
18 73
25 73
42 73
62 73
3 74
11 74
18 74
53 74
60 74
2 75
10 75
31 75
37 75
52 75
5 76
17 76
28 76
48 76
59 76
4 77
9 77
13 77
41 77
76 77
5 78
9 78
43 78
44 78
45 78
14 79
15 79
22 79
34 79
62 79
20 80
24 80
35 80
37 80
51 80
26 81
28 81
37 81
39 81
46 81
2 82
9 82
18 82
42 82
50 82
10 83
13 83
21 83
28 83
74 83
8 84
17 84
32 84
51 84
58 84
6 85
22 85
38 85
72 85
81 85
0 86
4 86
13 86
28 86
62 86
3 87
28 87
52 87
73 87
84 87
4 88
13 88
28 88
30 88
73 88
11 89
22 89
24 89
32 89
50 89
4 90
5 90
67 90
75 90
77 90
10 91
13 91
15 91
35 91
80 91
10 92
16 92
42 92
59 92
63 92
12 93
14 93
36 93
53 93
83 93
11 94
15 94
49 94
64 94
91 94
1 95
14 95
34 95
42 95
75 95
17 96
27 96
35 96
53 96
74 96
22 97
24 97
25 97
35 97
89 97
5 98
15 98
37 98
63 98
97 98
0 99
49 99
52 99
68 99
73 99
10 100
12 100
30 100
36 100
47 100
3 101
4 101
37 101
75 101
82 101
16 102
33 102
35 102
45 102
70 102
4 103
16 103
17 103
63 103
101 103
10 104
25 104
42 104
50 104
101 104
10 105
13 105
14 105
19 105
77 105
22 106
40 106
57 106
89 106
90 106
11 107
15 107
20 107
38 107
39 107
14 108
17 108
19 108
26 108
28 108
12 109
28 109
47 109
48 109
108 109
13 110
19 110
39 110
72 110
74 110
13 111
17 111
35 111
52 111
74 111
33 112
44 112
48 112
60 112
110 112
10 113
16 113
27 113
30 113
42 113
14 114
24 114
30 114
88 114
93 114
19 115
25 115
63 115
69 115
92 115
13 116
14 116
37 116
65 116
111 116
2 117
18 117
35 117
92 117
108 117
0 118
9 118
13 118
21 118
32 118
24 119
43 119
72 119
103 119
112 119
18 120
30 120
42 120
43 120
99 120
6 121
17 121
18 121
29 121
40 121
18 122
20 122
22 122
35 122
51 122
10 123
12 123
26 123
33 123
95 123
14 124
21 124
38 124
84 124
117 124
1 125
13 125
16 125
32 125
37 125
2 126
11 126
12 126
44 126
88 126
17 127
25 127
33 127
35 127
83 127
13 128
14 128
29 128
39 128
92 128
10 129
11 129
28 129
44 129
92 129
16 130
20 130
55 130
110 130
126 130
3 131
10 131
19 131
28 131
69 131
3 132
11 132
38 132
84 132
94 132
11 133
13 133
72 133
82 133
102 133
37 134
68 134
108 134
112 134
116 134
0 135
7 135
21 135
24 135
31 135
8 136
16 136
29 136
117 136
120 136
6 137
19 137
28 137
47 137
64 137
10 138
14 138
26 138
79 138
115 138
2 139
32 139
37 139
112 139
123 139
13 140
17 140
32 140
76 140
87 140
3 141
9 141
17 141
37 141
96 141
19 142
21 142
46 142
106 142
119 142
27 143
32 143
58 143
84 143
128 143
13 144
34 144
39 144
88 144
136 144
8 145
11 145
74 145
93 145
133 145
11 146
79 146
101 146
103 146
104 146
15 147
18 147
31 147
46 147
62 147
0 148
7 148
14 148
51 148
79 148
28 149
33 149
35 149
42 149
97 149
15 150
87 150
115 150
135 150
144 150
2 151
31 151
38 151
71 151
82 151
39 152
42 152
68 152
106 152
120 152
14 153
32 153
65 153
84 153
149 153
11 154
13 154
18 154
42 154
50 154
13 155
35 155
50 155
72 155
143 155
35 156
49 156
56 156
57 156
92 156
13 157
15 157
37 157
69 157
148 157
8 158
44 158
47 158
49 158
60 158
2 159
5 159
43 159
54 159
122 159
0 160
38 160
45 160
131 160
153 160
7 161
11 161
47 161
51 161
60 161
21 162
34 162
106 162
110 162
114 162
2 163
13 163
14 163
84 163
99 163
8 164
26 164
35 164
67 164
156 164
2 165
24 165
33 165
81 165
117 165
14 166
24 166
43 166
50 166
122 166
35 167
44 167
122 167
127 167
158 167
10 168
22 168
23 168
38 168
75 168
5 169
21 169
31 169
38 169
135 169
10 170
24 170
31 170
55 170
88 170
11 171
30 171
35 171
56 171
153 171
62 172
65 172
73 172
85 172
123 172
3 173
33 173
52 173
118 173
124 173
8 174
34 174
113 174
133 174
173 174
34 175
45 175
66 175
114 175
169 175
11 176
27 176
45 176
117 176
171 176
44 177
50 177
101 177
102 177
169 177
13 178
29 178
101 178
113 178
124 178
19 179
47 179
93 179
99 179
122 179
9 180
22 180
35 180
79 180
147 180
4 181
14 181
21 181
28 181
31 181
23 182
42 182
43 182
117 182
180 182
11 183
32 183
42 183
45 183
113 183
22 184
28 184
140 184
151 184
177 184
10 185
94 185
112 185
125 185
167 185
16 186
77 186
97 186
123 186
142 186
14 187
16 187
30 187
32 187
67 187
11 188
22 188
49 188
113 188
157 188
11 189
33 189
34 189
64 189
187 189
26 190
118 190
179 190
180 190
185 190
19 191
38 191
50 191
141 191
154 191
12 192
50 192
53 192
165 192
166 192
11 193
12 193
13 193
102 193
171 193
2 194
28 194
55 194
93 194
117 194
3 195
24 195
62 195
101 195
113 195
10 196
33 196
71 196
101 196
117 196
13 197
17 197
53 197
98 197
169 197
9 198
17 198
19 198
35 198
54 198
12 199
33 199
74 199
103 199
136 199
5 200
11 200
47 200
52 200
118 200
13 201
37 201
50 201
61 201
107 201
5 202
15 202
76 202
113 202
186 202
18 203
35 203
141 203
190 203
202 203
44 204
117 204
160 204
180 204
189 204
42 205
50 205
79 205
94 205
110 205
3 206
32 206
56 206
102 206
118 206
11 207
32 207
34 207
76 207
135 207
2 208
33 208
62 208
118 208
188 208
4 209
5 209
14 209
27 209
60 209
11 210
13 210
131 210
177 210
178 210
13 211
30 211
38 211
81 211
117 211
22 212
35 212
50 212
158 212
195 212
17 213
35 213
38 213
140 213
165 213
10 214
13 214
42 214
47 214
199 214
17 215
52 215
115 215
186 215
208 215
0 216
68 216
78 216
169 216
200 216
2 217
11 217
53 217
59 217
166 217
56 218
62 218
66 218
76 218
187 218
18 219
33 219
50 219
63 219
94 219
0 220
14 220
50 220
65 220
67 220
77 221
85 221
122 221
124 221
164 221
2 222
74 222
104 222
175 222
200 222
13 223
16 223
54 223
73 223
139 223
10 224
11 224
16 224
27 224
34 224
18 225
46 225
73 225
85 225
223 225
9 226
20 226
50 226
69 226
96 226
13 227
56 227
110 227
169 227
175 227
2 228
11 228
65 228
204 228
211 228
8 229
48 229
151 229
159 229
214 229
10 230
38 230
125 230
155 230
213 230
2 231
12 231
180 231
200 231
227 231
10 232
17 232
18 232
107 232
141 232
35 233
61 233
179 233
182 233
208 233
15 234
22 234
24 234
115 234
122 234
11 235
28 235
39 235
175 235
202 235
32 236
41 236
84 236
92 236
156 236
2 237
4 237
26 237
34 237
76 237
22 238
49 238
52 238
152 238
189 238
23 239
33 239
37 239
50 239
161 239
41 240
62 240
84 240
218 240
229 240
12 241
117 241
169 241
214 241
225 241
14 242
34 242
38 242
65 242
169 242
6 243
62 243
102 243
114 243
234 243
56 244
69 244
143 244
151 244
201 244
32 245
129 245
144 245
167 245
230 245
13 246
30 246
42 246
84 246
221 246
13 247
32 247
63 247
93 247
111 247
32 248
73 248
126 248
146 248
158 248
23 249
35 249
37 249
61 249
133 249
7 250
9 250
11 250
15 250
99 250
40 251
69 251
74 251
176 251
237 251
23 252
42 252
44 252
153 252
232 252
2 253
13 253
17 253
119 253
180 253
24 254
71 254
92 254
176 254
248 254
14 255
35 255
74 255
84 255
99 255
10 256
21 256
134 256
186 256
244 256
8 257
61 257
99 257
167 257
252 257
0 258
88 258
113 258
125 258
156 258
11 259
113 259
149 259
157 259
188 259
39 260
114 260
171 260
192 260
244 260
30 261
86 261
100 261
114 261
147 261
13 262
31 262
32 262
42 262
99 262
5 263
9 263
25 263
107 263
196 263
33 264
62 264
80 264
92 264
137 264
42 265
113 265
120 265
143 265
248 265
22 266
27 266
50 266
148 266
224 266
18 267
100 267
106 267
107 267
180 267
9 268
12 268
13 268
52 268
66 268
30 269
81 269
84 269
107 269
145 269
12 270
77 270
84 270
87 270
187 270
13 271
25 271
142 271
157 271
176 271
4 272
5 272
24 272
35 272
72 272
38 273
46 273
74 273
193 273
243 273
51 274
102 274
108 274
110 274
240 274
4 275
13 275
37 275
156 275
166 275
13 276
17 276
54 276
66 276
157 276
14 277
27 277
30 277
189 277
220 277
62 278
84 278
105 278
193 278
229 278
92 279
124 279
140 279
178 279
264 279
14 280
76 280
87 280
101 280
171 280
37 281
45 281
136 281
177 281
258 281
24 282
42 282
46 282
60 282
239 282
16 283
34 283
42 283
67 283
117 283
18 284
87 284
90 284
113 284
205 284
49 285
143 285
229 285
247 285
279 285
39 286
84 286
117 286
157 286
279 286
12 287
43 287
63 287
77 287
207 287
18 288
38 288
75 288
148 288
197 288
11 289
31 289
78 289
190 289
270 289
52 290
67 290
101 290
116 290
131 290
5 291
15 291
182 291
253 291
260 291
8 292
18 292
37 292
73 292
78 292
113 293
194 293
210 293
241 293
260 293
7 294
11 294
13 294
117 294
144 294
12 295
19 295
76 295
101 295
180 295
5 296
13 296
58 296
191 296
202 296
45 297
51 297
57 297
114 297
118 297
4 298
37 298
38 298
180 298
248 298
12 299
23 299
182 299
265 299
296 299
44 300
59 300
147 300
187 300
256 300
14 301
15 301
68 301
109 301
229 301
111 302
211 302
255 302
290 302
297 302
13 303
28 303
101 303
152 303
169 303
7 304
23 304
219 304
256 304
275 304
132 305
157 305
176 305
201 305
232 305
17 306
75 306
158 306
219 306
251 306
17 307
94 307
134 307
266 307
284 307
9 308
92 308
131 308
261 308
297 308
33 309
97 309
101 309
202 309
262 309
19 310
28 310
68 310
138 310
292 310
24 311
42 311
44 311
54 311
87 311
12 312
14 312
19 312
50 312
162 312
28 313
30 313
63 313
175 313
297 313
10 314
25 314
231 314
244 314
248 314
24 315
62 315
103 315
148 315
159 315
54 316
77 316
93 316
132 316
211 316
11 317
17 317
22 317
27 317
125 317
2 318
77 318
134 318
180 318
201 318
3 319
21 319
90 319
146 319
224 319
16 320
26 320
150 320
234 320
288 320
5 321
9 321
22 321
217 321
234 321
33 322
47 322
65 322
132 322
203 322
3 323
10 323
14 323
61 323
275 323
15 324
79 324
84 324
113 324
242 324
5 325
13 325
30 325
121 325
165 325
11 326
13 326
25 326
85 326
158 326
3 327
5 327
8 327
79 327
142 327
10 328
12 328
31 328
53 328
302 328
16 329
82 329
122 329
207 329
318 329
2 330
11 330
120 330
180 330
297 330
0 331
52 331
171 331
248 331
265 331
17 332
30 332
42 332
67 332
185 332
15 333
33 333
113 333
180 333
198 333
60 334
81 334
103 334
282 334
327 334
50 335
92 335
113 335
248 335
327 335
36 336
42 336
44 336
125 336
128 336
0 337
9 337
24 337
71 337
84 337
42 338
103 338
150 338
242 338
305 338
24 339
61 339
103 339
264 339
327 339
1 340
71 340
80 340
109 340
171 340
5 341
62 341
128 341
169 341
243 341
5 342
8 342
27 342
87 342
117 342
13 343
22 343
44 343
205 343
336 343
2 344
19 344
36 344
114 344
161 344
50 345
56 345
160 345
167 345
201 345
2 346
14 346
43 346
72 346
227 346
3 347
32 347
119 347
271 347
340 347
0 348
33 348
42 348
88 348
327 348
10 349
48 349
92 349
93 349
283 349
3 350
14 350
18 350
39 350
75 350
9 351
11 351
31 351
49 351
209 351
9 352
85 352
117 352
254 352
268 352
16 353
30 353
45 353
94 353
247 353
26 354
35 354
55 354
61 354
217 354
72 355
89 355
138 355
326 355
352 355
16 356
133 356
161 356
210 356
286 356
11 357
68 357
77 357
123 357
253 357
115 358
130 358
134 358
184 358
331 358
7 359
13 359
102 359
204 359
217 359
11 360
84 360
216 360
303 360
336 360
16 361
33 361
53 361
221 361
334 361
3 362
11 362
13 362
14 362
144 362
39 363
75 363
112 363
254 363
264 363
26 364
31 364
113 364
125 364
350 364
14 365
24 365
164 365
209 365
227 365
37 366
117 366
181 366
259 366
299 366
3 367
54 367
75 367
197 367
201 367
24 368
38 368
60 368
139 368
228 368
2 369
21 369
26 369
72 369
337 369
3 370
44 370
94 370
125 370
320 370
2 371
25 371
51 371
125 371
232 371
8 372
22 372
62 372
73 372
205 372
3 373
77 373
201 373
251 373
288 373
10 374
13 374
94 374
177 374
230 374
13 375
14 375
32 375
58 375
130 375
88 376
120 376
164 376
176 376
282 376
53 377
73 377
88 377
123 377
278 377
13 378
61 378
175 378
317 378
319 378
11 379
12 379
44 379
148 379
161 379
10 380
28 380
33 380
148 380
202 380
2 381
10 381
20 381
158 381
182 381
35 382
61 382
77 382
213 382
310 382
12 383
13 383
134 383
287 383
301 383
13 384
15 384
118 384
297 384
310 384
7 385
20 385
38 385
127 385
190 385
5 386
39 386
71 386
82 386
374 386
13 387
22 387
42 387
78 387
243 387
4 388
64 388
183 388
184 388
337 388
8 389
22 389
73 389
259 389
378 389
11 390
35 390
133 390
277 390
344 390
0 391
33 391
140 391
238 391
357 391
42 392
44 392
49 392
258 392
283 392
30 393
58 393
247 393
288 393
297 393
3 394
96 394
117 394
185 394
310 394
62 395
122 395
139 395
174 395
180 395
11 396
39 396
110 396
112 396
154 396
18 397
35 397
133 397
250 397
297 397
11 398
15 398
180 398
281 398
326 398
5 399
88 399
131 399
246 399
292 399
0 400
17 400
182 400
205 400
218 400
35 401
45 401
128 401
162 401
258 401
0 402
5 402
19 402
36 402
231 402
21 403
113 403
133 403
189 403
359 403
22 404
108 404
199 404
297 404
369 404
4 405
11 405
25 405
55 405
337 405
33 406
81 406
88 406
164 406
224 406
66 407
93 407
100 407
234 407
382 407
11 408
14 408
22 408
76 408
246 408
13 409
109 409
292 409
372 409
384 409
13 410
42 410
53 410
60 410
165 410
11 411
22 411
117 411
197 411
213 411
12 412
16 412
18 412
67 412
284 412
49 413
60 413
151 413
338 413
362 413
3 414
18 414
110 414
260 414
285 414
8 415
142 415
182 415
251 415
267 415
11 416
212 416
236 416
331 416
364 416
11 417
134 417
216 417
305 417
406 417
2 418
16 418
101 418
235 418
350 418
13 419
75 419
109 419
154 419
272 419
16 420
26 420
40 420
116 420
148 420
67 421
97 421
133 421
224 421
297 421
11 422
12 422
109 422
145 422
153 422
24 423
52 423
201 423
204 423
360 423
0 424
42 424
102 424
183 424
188 424
13 425
79 425
178 425
280 425
416 425
30 426
71 426
131 426
218 426
370 426
51 427
81 427
120 427
186 427
360 427
17 428
72 428
92 428
216 428
305 428
31 429
33 429
37 429
49 429
235 429
11 430
24 430
107 430
110 430
393 430
2 431
14 431
126 431
161 431
312 431
70 432
89 432
126 432
244 432
313 432
32 433
75 433
83 433
84 433
319 433
3 434
20 434
146 434
224 434
253 434
28 435
50 435
62 435
65 435
166 435
32 436
35 436
48 436
109 436
421 436
11 437
13 437
39 437
47 437
50 437
44 438
85 438
94 438
227 438
287 438
3 439
37 439
72 439
183 439
336 439
35 440
37 440
48 440
383 440
430 440
14 441
77 441
152 441
289 441
414 441
36 442
63 442
158 442
371 442
433 442
3 443
11 443
43 443
54 443
61 443
3 444
16 444
36 444
101 444
293 444
26 445
174 445
264 445
277 445
362 445
20 446
33 446
246 446
335 446
427 446
5 447
115 447
161 447
211 447
430 447
146 448
262 448
264 448
266 448
388 448
17 449
27 449
45 449
134 449
365 449
106 450
157 450
164 450
239 450
287 450
112 451
246 451
293 451
372 451
414 451
14 452
49 452
54 452
203 452
319 452
17 453
42 453
151 453
404 453
419 453
54 454
113 454
123 454
284 454
297 454
2 455
73 455
76 455
108 455
113 455
9 456
28 456
101 456
204 456
252 456
21 457
113 457
298 457
327 457
389 457
117 458
133 458
167 458
169 458
184 458
36 459
64 459
77 459
207 459
293 459
0 460
37 460
52 460
79 460
113 460
24 461
51 461
229 461
264 461
406 461
14 462
33 462
153 462
214 462
269 462
11 463
29 463
155 463
218 463
439 463
5 464
33 464
122 464
163 464
283 464
20 465
170 465
268 465
317 465
371 465
140 466
168 466
239 466
264 466
446 466
3 467
49 467
75 467
176 467
205 467
30 468
234 468
235 468
279 468
371 468
53 469
73 469
81 469
134 469
140 469
97 470
161 470
201 470
252 470
409 470
11 471
85 471
262 471
272 471
431 471
3 472
18 472
191 472
283 472
304 472
142 473
190 473
268 473
377 473
435 473
17 474
28 474
84 474
141 474
247 474
17 475
26 475
72 475
148 475
259 475
35 476
48 476
83 476
119 476
246 476
0 477
13 477
42 477
63 477
311 477
140 478
180 478
274 478
302 478
424 478
3 479
53 479
209 479
296 479
339 479
5 480
8 480
15 480
57 480
131 480
11 481
67 481
169 481
190 481
299 481
19 482
42 482
60 482
62 482
189 482
13 483
36 483
118 483
294 483
353 483
121 484
153 484
225 484
233 484
331 484
54 485
99 485
177 485
301 485
315 485
19 486
49 486
52 486
140 486
206 486
0 487
122 487
161 487
180 487
471 487
110 488
144 488
392 488
447 488
473 488
160 489
310 489
342 489
414 489
422 489
75 490
94 490
173 490
354 490
435 490
15 491
22 491
85 491
293 491
468 491
25 492
197 492
296 492
334 492
392 492
68 493
198 493
218 493
418 493
457 493
2 494
18 494
305 494
424 494
444 494
64 495
76 495
113 495
129 495
340 495
30 496
59 496
177 496
360 496
367 496
2 497
44 497
126 497
469 497
479 497
12 498
69 498
73 498
155 498
411 498
9 499
14 499
42 499
108 499
341 499
22 500
50 500
157 500
282 500
302 500
32 501
110 501
251 501
343 501
371 501
3 502
19 502
25 502
91 502
474 502
49 503
110 503
280 503
331 503
445 503
10 504
141 504
180 504
293 504
319 504
11 505
30 505
122 505
293 505
493 505
110 506
117 506
169 506
236 506
479 506
10 507
22 507
27 507
65 507
224 507
28 508
135 508
208 508
217 508
298 508
5 509
17 509
196 509
306 509
426 509
75 510
116 510
270 510
323 510
361 510
44 511
81 511
135 511
156 511
284 511
28 512
62 512
277 512
282 512
384 512
10 513
13 513
32 513
47 513
201 513
12 514
21 514
42 514
85 514
340 514
73 515
97 515
120 515
224 515
449 515
13 516
32 516
131 516
420 516
424 516
67 517
102 517
134 517
431 517
492 517
46 518
97 518
165 518
205 518
363 518
101 519
132 519
302 519
304 519
414 519
13 520
24 520
60 520
71 520
269 520
18 521
62 521
235 521
424 521
460 521
4 522
50 522
112 522
206 522
349 522
12 523
30 523
62 523
85 523
238 523
123 524
137 524
164 524
197 524
378 524
69 525
101 525
114 525
115 525
141 525
22 526
173 526
239 526
296 526
340 526
14 527
142 527
166 527
252 527
254 527
11 528
39 528
123 528
256 528
525 528
35 529
38 529
118 529
183 529
300 529
15 530
33 530
36 530
120 530
484 530
49 531
182 531
190 531
260 531
291 531
27 532
36 532
62 532
131 532
366 532
34 533
106 533
352 533
389 533
505 533
36 534
74 534
113 534
117 534
175 534
18 535
32 535
39 535
142 535
426 535
12 536
14 536
24 536
39 536
53 536
4 537
35 537
46 537
130 537
131 537
39 538
42 538
92 538
153 538
445 538
13 539
101 539
110 539
248 539
323 539
21 540
44 540
72 540
75 540
517 540
11 541
66 541
151 541
180 541
310 541
2 542
72 542
245 542
282 542
401 542
6 543
15 543
26 543
198 543
274 543
50 544
117 544
437 544
522 544
525 544
52 545
151 545
168 545
238 545
285 545
20 546
21 546
51 546
155 546
495 546
28 547
134 547
386 547
420 547
506 547
26 548
37 548
68 548
242 548
464 548
12 549
13 549
74 549
175 549
279 549
51 550
53 550
68 550
308 550
414 550
35 551
39 551
106 551
126 551
334 551
22 552
26 552
32 552
120 552
198 552
28 553
62 553
72 553
226 553
523 553
13 554
171 554
262 554
313 554
361 554
25 555
32 555
449 555
516 555
526 555
16 556
70 556
93 556
190 556
271 556
27 557
33 557
76 557
491 557
555 557
49 558
84 558
108 558
119 558
223 558
47 559
68 559
143 559
187 559
334 559
13 560
185 560
280 560
405 560
547 560
62 561
135 561
163 561
371 561
476 561
66 562
99 562
110 562
148 562
208 562
9 563
113 563
151 563
332 563
410 563
10 564
32 564
43 564
80 564
168 564
0 565
92 565
95 565
241 565
254 565
42 566
53 566
63 566
87 566
523 566
12 567
13 567
94 567
216 567
419 567
6 568
19 568
410 568
431 568
520 568
22 569
26 569
60 569
274 569
334 569
21 570
47 570
99 570
207 570
369 570
117 571
235 571
289 571
319 571
532 571
53 572
73 572
228 572
554 572
563 572
6 573
8 573
137 573
196 573
237 573
90 574
297 574
350 574
532 574
552 574
13 575
159 575
215 575
285 575
356 575
84 576
124 576
248 576
329 576
447 576
2 577
49 577
50 577
74 577
169 577
7 578
42 578
50 578
115 578
293 578
47 579
62 579
127 579
133 579
203 579
11 580
138 580
147 580
261 580
578 580
8 581
215 581
238 581
255 581
424 581
2 582
11 582
12 582
373 582
506 582
173 583
312 583
347 583
467 583
530 583
0 584
258 584
409 584
467 584
581 584
0 585
9 585
22 585
319 585
473 585
182 586
294 586
360 586
422 586
458 586
12 587
14 587
43 587
51 587
101 587
6 588
47 588
71 588
125 588
261 588
26 589
472 589
475 589
504 589
523 589
32 590
76 590
81 590
151 590
380 590
133 591
181 591
231 591
302 591
482 591
5 592
175 592
343 592
462 592
494 592
12 593
61 593
83 593
502 593
570 593
44 594
55 594
120 594
250 594
360 594
11 595
13 595
25 595
125 595
235 595
10 596
244 596
388 596
490 596
506 596
19 597
47 597
59 597
131 597
506 597
5 598
178 598
309 598
462 598
476 598
13 599
30 599
61 599
232 599
420 599
31 600
87 600
144 600
264 600
581 600
11 601
30 601
62 601
428 601
548 601
15 602
73 602
97 602
123 602
222 602
74 603
133 603
162 603
246 603
251 603
120 604
207 604
213 604
523 604
535 604
29 605
68 605
201 605
322 605
508 605
21 606
25 606
42 606
218 606
255 606
24 607
140 607
201 607
370 607
426 607
12 608
116 608
196 608
327 608
506 608
22 609
119 609
120 609
298 609
387 609
2 610
10 610
101 610
104 610
211 610
11 611
51 611
68 611
339 611
591 611
108 612
283 612
315 612
317 612
394 612
180 613
318 613
410 613
484 613
505 613
26 614
171 614
247 614
468 614
476 614
50 615
94 615
101 615
123 615
134 615
0 616
3 616
49 616
540 616
589 616
10 617
12 617
15 617
320 617
567 617
8 618
19 618
367 618
516 618
574 618
16 619
60 619
275 619
323 619
564 619
25 620
239 620
253 620
297 620
551 620
62 621
123 621
162 621
201 621
479 621
11 622
28 622
114 622
127 622
386 622
35 623
37 623
50 623
118 623
482 623
94 624
108 624
180 624
300 624
421 624
42 625
50 625
89 625
222 625
509 625
103 626
298 626
347 626
578 626
598 626
12 627
32 627
362 627
484 627
508 627
42 628
180 628
299 628
397 628
518 628
8 629
18 629
192 629
251 629
307 629
14 630
28 630
33 630
90 630
120 630
15 631
92 631
176 631
282 631
522 631
14 632
26 632
53 632
210 632
397 632
16 633
33 633
96 633
267 633
538 633
26 634
32 634
47 634
197 634
552 634
83 635
159 635
424 635
446 635
620 635
13 636
17 636
202 636
209 636
465 636
28 637
84 637
136 637
177 637
284 637
8 638
87 638
207 638
418 638
497 638
379 639
424 639
505 639
575 639
601 639
133 640
294 640
317 640
388 640
638 640
5 641
73 641
108 641
124 641
584 641
13 642
14 642
27 642
357 642
526 642
61 643
127 643
241 643
460 643
641 643
49 644
183 644
306 644
321 644
611 644
12 645
36 645
84 645
107 645
217 645
10 646
109 646
242 646
346 646
446 646
27 647
30 647
123 647
244 647
297 647
24 648
27 648
182 648
403 648
642 648
82 649
174 649
258 649
282 649
427 649
3 650
62 650
63 650
64 650
294 650
13 651
21 651
27 651
103 651
416 651
13 652
101 652
130 652
300 652
581 652
298 653
391 653
420 653
434 653
507 653
13 654
34 654
97 654
356 654
431 654
231 655
268 655
291 655
430 655
620 655
34 656
55 656
75 656
126 656
185 656
38 657
40 657
107 657
501 657
619 657
5 658
235 658
391 658
476 658
616 658
17 659
50 659
243 659
259 659
451 659
13 660
50 660
75 660
82 660
458 660
61 661
117 661
205 661
222 661
502 661
15 662
32 662
239 662
248 662
422 662
14 663
43 663
156 663
371 663
446 663
32 664
33 664
155 664
379 664
525 664
30 665
71 665
182 665
264 665
406 665
18 666
19 666
125 666
313 666
507 666
38 667
249 667
321 667
432 667
552 667
10 668
12 668
85 668
334 668
406 668
5 669
76 669
134 669
332 669
406 669
3 670
19 670
101 670
394 670
539 670
228 671
266 671
467 671
578 671
619 671
3 672
259 672
439 672
605 672
635 672
114 673
126 673
156 673
213 673
314 673
2 674
9 674
374 674
491 674
523 674
54 675
71 675
148 675
174 675
434 675
47 676
93 676
240 676
531 676
610 676
13 677
180 677
518 677
540 677
580 677
11 678
304 678
362 678
437 678
555 678
21 679
55 679
105 679
243 679
355 679
106 680
190 680
337 680
583 680
585 680
68 681
84 681
150 681
243 681
542 681
27 682
49 682
71 682
157 682
276 682
111 683
113 683
122 683
357 683
470 683
98 684
313 684
366 684
435 684
635 684
92 685
94 685
166 685
277 685
454 685
0 686
80 686
213 686
231 686
452 686
17 687
36 687
210 687
282 687
488 687
2 688
94 688
162 688
385 688
601 688
99 689
206 689
266 689
317 689
402 689
13 690
14 690
28 690
48 690
235 690
10 691
61 691
68 691
140 691
243 691
14 692
102 692
128 692
220 692
368 692
11 693
32 693
180 693
265 693
551 693
13 694
36 694
50 694
180 694
424 694
42 695
47 695
101 695
399 695
461 695
5 696
47 696
144 696
216 696
499 696
45 697
181 697
203 697
297 697
583 697
13 698
15 698
28 698
222 698
516 698
28 699
219 699
296 699
443 699
472 699
32 700
163 700
164 700
399 700
637 700
12 701
36 701
109 701
377 701
692 701
62 702
157 702
275 702
320 702
499 702
11 703
84 703
252 703
259 703
493 703
38 704
238 704
286 704
420 704
598 704
84 705
126 705
174 705
193 705
589 705
14 706
61 706
202 706
434 706
476 706
8 707
25 707
32 707
57 707
69 707
14 708
68 708
86 708
343 708
419 708
11 709
151 709
348 709
430 709
645 709
92 710
244 710
342 710
435 710
551 710
22 711
178 711
347 711
379 711
433 711
13 712
50 712
230 712
488 712
515 712
10 713
32 713
52 713
106 713
120 713
93 714
109 714
260 714
305 714
444 714
52 715
119 715
140 715
279 715
473 715
22 716
186 716
541 716
551 716
572 716
13 717
21 717
246 717
251 717
514 717
5 718
20 718
24 718
111 718
243 718
24 719
41 719
72 719
392 719
420 719
8 720
149 720
277 720
491 720
533 720
32 721
79 721
160 721
247 721
270 721
13 722
56 722
68 722
102 722
678 722
10 723
115 723
118 723
292 723
650 723
4 724
87 724
161 724
407 724
492 724
30 725
34 725
294 725
304 725
378 725
60 726
81 726
208 726
650 726
725 726
11 727
27 727
90 727
315 727
682 727
22 728
37 728
132 728
177 728
475 728
64 729
243 729
531 729
627 729
682 729
14 730
32 730
302 730
451 730
452 730
134 731
185 731
358 731
360 731
470 731
4 732
12 732
77 732
128 732
175 732
25 733
114 733
117 733
205 733
534 733
18 734
69 734
233 734
251 734
534 734
101 735
134 735
350 735
390 735
421 735
2 736
196 736
231 736
525 736
641 736
87 737
350 737
428 737
497 737
684 737
22 738
148 738
168 738
304 738
714 738
24 739
35 739
42 739
133 739
560 739
66 740
151 740
331 740
335 740
477 740
17 741
75 741
139 741
251 741
321 741
38 742
71 742
75 742
182 742
337 742
11 743
19 743
51 743
205 743
684 743
8 744
29 744
114 744
258 744
509 744
176 745
260 745
282 745
299 745
647 745
52 746
188 746
386 746
506 746
717 746
0 747
10 747
61 747
71 747
691 747
28 748
77 748
108 748
273 748
274 748
58 749
117 749
562 749
617 749
646 749
3 750
35 750
101 750
148 750
153 750
11 751
25 751
52 751
190 751
244 751
26 752
183 752
202 752
467 752
473 752
15 753
18 753
37 753
61 753
469 753
103 754
115 754
200 754
367 754
399 754
48 755
75 755
193 755
242 755
428 755
0 756
33 756
72 756
419 756
497 756
0 757
45 757
78 757
414 757
661 757
151 758
263 758
362 758
564 758
697 758
2 759
10 759
32 759
377 759
552 759
143 760
218 760
334 760
371 760
430 760
24 761
36 761
212 761
474 761
527 761
11 762
285 762
515 762
553 762
700 762
6 763
28 763
55 763
86 763
488 763
10 764
298 764
352 764
631 764
754 764
11 765
27 765
51 765
254 765
395 765
16 766
36 766
71 766
201 766
612 766
16 767
58 767
75 767
99 767
142 767
121 768
124 768
180 768
435 768
649 768
108 769
254 769
453 769
573 769
688 769
5 770
39 770
134 770
682 770
759 770
45 771
71 771
117 771
344 771
411 771
7 772
14 772
117 772
192 772
484 772
0 773
12 773
24 773
231 773
648 773
17 774
38 774
118 774
371 774
545 774
9 775
177 775
178 775
419 775
478 775
158 776
217 776
492 776
617 776
702 776
13 777
69 777
80 777
341 777
523 777
6 778
61 778
229 778
440 778
568 778
11 779
314 779
485 779
628 779
688 779
8 780
12 780
132 780
243 780
658 780
39 781
62 781
101 781
112 781
526 781
49 782
72 782
100 782
282 782
767 782
17 783
44 783
125 783
266 783
592 783
13 784
65 784
181 784
258 784
394 784
42 785
65 785
129 785
178 785
212 785
5 786
49 786
449 786
646 786
699 786
9 787
18 787
90 787
110 787
424 787
13 788
22 788
100 788
186 788
327 788
16 789
158 789
216 789
264 789
352 789
19 790
37 790
180 790
447 790
635 790
107 791
171 791
190 791
289 791
540 791
79 792
207 792
314 792
757 792
771 792
31 793
94 793
203 793
400 793
696 793
13 794
115 794
216 794
462 794
761 794
12 795
85 795
235 795
363 795
616 795
16 796
121 796
524 796
566 796
628 796
121 797
154 797
327 797
631 797
792 797
22 798
184 798
505 798
506 798
633 798
49 799
71 799
390 799
512 799
735 799
50 800
180 800
251 800
392 800
508 800
72 801
287 801
322 801
422 801
473 801
199 802
209 802
334 802
397 802
655 802
14 803
45 803
125 803
128 803
329 803
4 804
21 804
28 804
32 804
107 804
35 805
63 805
270 805
361 805
455 805
3 806
113 806
299 806
583 806
765 806
11 807
28 807
64 807
172 807
787 807
28 808
87 808
106 808
430 808
458 808
24 809
144 809
178 809
274 809
642 809
17 810
33 810
41 810
68 810
310 810
98 811
153 811
158 811
687 811
698 811
2 812
96 812
251 812
507 812
766 812
14 813
37 813
121 813
142 813
759 813
10 814
282 814
446 814
547 814
552 814
13 815
25 815
119 815
271 815
662 815
46 816
101 816
182 816
488 816
753 816
117 817
474 817
577 817
631 817
646 817
68 818
168 818
233 818
257 818
547 818
45 819
164 819
275 819
382 819
428 819
4 820
15 820
62 820
155 820
699 820
14 821
55 821
109 821
213 821
514 821
5 822
108 822
327 822
370 822
462 822
60 823
247 823
252 823
296 823
722 823
315 824
416 824
456 824
644 824
767 824
12 825
113 825
152 825
296 825
809 825
13 826
60 826
92 826
290 826
310 826
33 827
50 827
142 827
216 827
236 827
134 828
325 828
500 828
525 828
768 828
12 829
479 829
551 829
709 829
772 829
12 830
17 830
68 830
307 830
742 830
12 831
63 831
219 831
437 831
783 831
32 832
201 832
224 832
339 832
391 832
17 833
60 833
206 833
512 833
539 833
23 834
235 834
423 834
454 834
775 834
5 835
50 835
327 835
360 835
818 835
34 836
73 836
114 836
133 836
277 836
13 837
23 837
42 837
299 837
334 837
12 838
13 838
33 838
315 838
728 838
13 839
37 839
82 839
108 839
157 839
41 840
152 840
167 840
356 840
684 840
39 841
108 841
112 841
247 841
635 841
34 842
72 842
77 842
340 842
462 842
2 843
224 843
228 843
247 843
430 843
58 844
229 844
449 844
695 844
770 844
27 845
157 845
424 845
453 845
586 845
3 846
42 846
61 846
133 846
153 846
2 847
79 847
91 847
407 847
800 847
3 848
11 848
17 848
240 848
389 848
2 849
11 849
202 849
319 849
407 849
37 850
49 850
144 850
454 850
564 850
10 851
12 851
37 851
68 851
229 851
35 852
72 852
120 852
225 852
697 852
113 853
482 853
523 853
537 853
732 853
82 854
101 854
417 854
792 854
820 854
11 855
32 855
113 855
333 855
430 855
30 856
236 856
414 856
522 856
559 856
10 857
58 857
62 857
146 857
213 857
52 858
151 858
300 858
339 858
684 858
46 859
116 859
180 859
372 859
668 859
280 860
514 860
591 860
623 860
704 860
5 861
14 861
23 861
95 861
741 861
19 862
244 862
642 862
726 862
782 862
3 863
411 863
478 863
480 863
622 863
13 864
134 864
154 864
201 864
229 864
13 865
17 865
53 865
483 865
688 865
22 866
135 866
140 866
631 866
847 866
12 867
81 867
140 867
275 867
654 867
28 868
283 868
492 868
631 868
821 868
42 869
187 869
372 869
448 869
674 869
61 870
169 870
373 870
400 870
480 870
251 871
426 871
430 871
502 871
844 871
97 872
117 872
148 872
210 872
213 872
97 873
183 873
187 873
277 873
871 873
4 874
25 874
62 874
401 874
501 874
63 875
97 875
279 875
408 875
416 875
15 876
79 876
178 876
676 876
773 876
88 877
230 877
355 877
638 877
833 877
34 878
38 878
406 878
479 878
779 878
20 879
25 879
444 879
446 879
456 879
134 880
155 880
239 880
308 880
337 880
68 881
114 881
426 881
482 881
835 881
29 882
32 882
115 882
169 882
638 882
14 883
64 883
68 883
117 883
491 883
22 884
25 884
99 884
206 884
748 884
18 885
22 885
153 885
285 885
376 885
61 886
290 886
300 886
481 886
612 886
39 887
90 887
236 887
307 887
715 887
5 888
14 888
151 888
388 888
452 888
18 889
106 889
476 889
693 889
821 889
94 890
235 890
536 890
537 890
724 890
15 891
17 891
153 891
315 891
448 891
29 892
281 892
430 892
431 892
813 892
24 893
31 893
157 893
278 893
493 893
61 894
122 894
128 894
359 894
814 894
7 895
28 895
45 895
140 895
867 895
113 896
162 896
349 896
745 896
795 896
115 897
122 897
187 897
274 897
719 897
0 898
63 898
312 898
462 898
818 898
84 899
231 899
234 899
318 899
616 899
21 900
85 900
88 900
448 900
614 900
248 901
371 901
631 901
709 901
816 901
14 902
32 902
116 902
235 902
273 902
17 903
161 903
277 903
756 903
794 903
60 904
186 904
193 904
540 904
544 904
11 905
62 905
143 905
235 905
687 905
39 906
50 906
296 906
500 906
548 906
52 907
235 907
367 907
388 907
410 907
31 908
64 908
124 908
389 908
723 908
20 909
106 909
499 909
728 909
771 909
14 910
36 910
115 910
491 910
898 910
11 911
74 911
164 911
171 911
719 911
12 912
17 912
42 912
84 912
827 912
11 913
16 913
48 913
71 913
575 913
13 914
43 914
262 914
678 914
737 914
19 915
22 915
70 915
283 915
840 915
14 916
20 916
39 916
47 916
766 916
129 917
418 917
509 917
522 917
878 917
9 918
25 918
73 918
121 918
270 918
14 919
90 919
224 919
858 919
871 919
68 920
128 920
367 920
589 920
618 920
122 921
182 921
184 921
360 921
371 921
60 922
117 922
202 922
214 922
388 922
11 923
50 923
117 923
315 923
387 923
25 924
98 924
341 924
650 924
756 924
222 925
300 925
356 925
722 925
890 925
21 926
64 926
389 926
578 926
625 926
2 927
210 927
479 927
537 927
610 927
2 928
76 928
340 928
549 928
833 928
35 929
294 929
392 929
593 929
662 929
256 930
363 930
439 930
633 930
803 930
38 931
227 931
438 931
531 931
769 931
58 932
263 932
347 932
696 932
908 932
14 933
15 933
264 933
446 933
455 933
410 934
467 934
592 934
596 934
663 934
54 935
420 935
528 935
541 935
811 935
20 936
54 936
69 936
430 936
485 936
23 937
36 937
68 937
822 937
872 937
43 938
56 938
280 938
536 938
731 938
8 939
10 939
13 939
17 939
405 939
110 940
577 940
589 940
691 940
717 940
38 941
59 941
68 941
327 941
596 941
50 942
62 942
195 942
492 942
640 942
13 943
217 943
727 943
844 943
886 943
21 944
124 944
334 944
435 944
732 944
2 945
79 945
204 945
687 945
802 945
14 946
27 946
324 946
484 946
840 946
5 947
62 947
133 947
296 947
589 947
24 948
29 948
132 948
180 948
600 948
34 949
90 949
177 949
444 949
831 949
8 950
11 950
529 950
590 950
903 950
10 951
19 951
180 951
566 951
688 951
11 952
153 952
222 952
743 952
929 952
33 953
36 953
70 953
129 953
462 953
4 954
13 954
117 954
343 954
352 954
86 955
326 955
593 955
906 955
953 955
4 956
43 956
77 956
135 956
409 956
97 957
141 957
363 957
387 957
447 957
17 958
145 958
388 958
700 958
889 958
14 959
35 959
88 959
123 959
161 959
36 960
244 960
467 960
589 960
663 960
8 961
17 961
291 961
771 961
803 961
20 962
127 962
243 962
525 962
776 962
27 963
193 963
282 963
480 963
682 963
54 964
133 964
290 964
428 964
538 964
0 965
33 965
168 965
412 965
650 965
25 966
112 966
129 966
331 966
443 966
71 967
201 967
362 967
656 967
678 967
16 968
22 968
44 968
139 968
535 968
5 969
33 969
106 969
331 969
868 969
72 970
262 970
447 970
448 970
615 970
44 971
134 971
151 971
364 971
688 971
13 972
26 972
469 972
648 972
726 972
2 973
298 973
653 973
738 973
780 973
37 974
90 974
125 974
678 974
747 974
6 975
14 975
148 975
398 975
754 975
0 976
10 976
85 976
148 976
481 976
102 977
121 977
258 977
478 977
717 977
108 978
173 978
434 978
499 978
685 978
27 979
264 979
430 979
478 979
885 979
19 980
59 980
74 980
391 980
458 980
49 981
208 981
907 981
964 981
979 981
14 982
83 982
103 982
302 982
617 982
286 983
419 983
603 983
618 983
881 983
22 984
137 984
247 984
476 984
939 984
69 985
71 985
116 985
155 985
793 985
288 986
605 986
722 986
740 986
906 986
7 987
220 987
362 987
533 987
588 987
12 988
212 988
421 988
596 988
675 988
6 989
14 989
16 989
42 989
103 989
93 990
112 990
267 990
392 990
634 990
11 991
146 991
236 991
352 991
578 991
12 992
18 992
54 992
184 992
434 992
5 993
290 993
321 993
370 993
870 993
145 994
269 994
306 994
460 994
783 994
43 995
129 995
257 995
319 995
339 995
49 996
96 996
324 996
491 996
515 996
68 997
92 997
113 997
526 997
564 997
20 998
101 998
320 998
386 998
847 998
103 999
117 999
122 999
698 999
758 999
